Likelihood ratio statistic = 272.5534
p_val = 0.0

Checking uncertainties with different grid sizes:
          N0         Nbot       T1         T2         p_misid    Theta
0.01   = [4.21828811 0.39080355 0.73058747 0.23097393 1.61831211 0.45182465]
0.001  = [1.94393222 0.08420842 0.12844387 0.13293882 0.20232378 0.08944325]
0.0001 = [0.70109991 0.11312741 0.1547765  0.12225563 0.32586799 0.1049974 ]
1e-05  = [0.04915083 0.05912254 0.03307555 0.06572068 0.19603898 0.02998182]
1e-06  = [0.00179649 0.01260416 0.05482162 0.03072994 0.11587893 0.02608365]
1e-07  = [3.52869068e-05 1.40910162e-04 1.60713689e-04 1.00498685e-04 4.09777927e-03 6.52596350e-03]

Parameter standard deviations from GIM:
[1.94393222 0.08420842 0.12844387 0.13293882 0.20232378 0.08944325]

Parameter standard deviations from error propagation:
[1.8710122040808808, 0.024385654819420836, 0.04167644529161659,
0.05769348298741424, 0.20232377749063948, 0.08944325436749306]

Variance-Covariance Matrix:
[[ 3.77887246  0.13179567  0.19330597  0.23889126 -0.02332117 -0.14309295]
 [ 0.13179567  0.00709106  0.01011415  0.0108261   0.00587124 -0.00724825]
 [ 0.19330597  0.01011415  0.01649783  0.01533012  0.00970309 -0.0113805 ]
 [ 0.23889126  0.0108261   0.01533012  0.01767273  0.0052342  -0.01117214]
 [-0.02332117  0.00587124  0.00970309  0.0052342   0.04093491 -0.00601117]
 [-0.14309295 -0.00724825 -0.0113805  -0.01117214 -0.00601117  0.0080001 ]]


Parameter estimates and 95% confidence intervals:
Nref  = 257783.35729831568 (216331.24035855927--307178.2845133665)
N0    = 4159465.6740036877 (106267.33859399901--162807829.02934158)
Nbot  = 50367.3363840959 (48016.6100575529--52833.14610065078)
T1    = 1017057.7360913742 (937281.1894192407--1103624.451467176)
T2    = 261741.60992273033 (233756.1712290582--293077.483279835)
misid = 0.016506372 (0.011102739551344866--0.02453991785922613)



Checking uncertainties with different grid sizes:
          N0         Nbot       T1         T2         dij        p_misid    Theta
0.01   = [2.93795509 3.52759352 3.78709158 3.30637674 3.19911522 0.12949192 3.53689877]
0.001  = [0.17052292 0.07631789 0.08694762 0.0947268  0.11359605 0.07967744 0.08107808]
0.0001 = [0.84013059 0.7789784  0.82922462 0.79297292 0.80984414 0.0964716  0.78324942]
1e-05  = [0.0633945  0.00687472 0.03256339 0.01743319 0.04605309 0.07754468 0.02457966]
1e-06  = [0.14931151 0.02102188 0.26613349 0.22122623 0.17099563 0.08167544 0.16777502]
1e-07  = [0.00010598 0.00082388 0.00316214 0.00099435 0.00032165 0.01190307 0.00750301]

Parameter standard deviations from GIM:
[0.17052292 0.07631789 0.08694762 0.0947268 0.11359605 0.07967744 0.08107808]

Parameter standard deviations from error propagation:
[1.8706309702462844, nan, 0.017620587876253042, 0.04361303708959857,
0.1883778895474065, 0.07967743833265442, 0.0810780782752509]

Variance-Covariance Matrix:
[[ 2.90780660e-02  8.96963415e-03  1.15526715e-02  1.41168946e-02
  -1.37988160e-02  1.28827239e-03 -1.11402696e-02]
 [ 8.96963415e-03  5.82442046e-03  6.23279862e-03  6.71718009e-03
  -7.01888983e-03  2.00690115e-04 -5.91511143e-03]
 [ 1.15526715e-02  6.23279862e-03  7.55988792e-03  7.34409051e-03
  -7.44992486e-03  3.91297300e-05 -6.99445132e-03]
 [ 1.41168946e-02  6.71718009e-03  7.34409051e-03  8.97316609e-03
  -8.83323220e-03  5.59205044e-04 -7.11754106e-03]
 [-1.37988160e-02 -7.01888983e-03 -7.44992486e-03 -8.83323220e-03
   1.29040627e-02 -2.64594911e-03  7.27365634e-03]
 [ 1.28827239e-03  2.00690115e-04  3.91297300e-05  5.59205044e-04
  -2.64594911e-03  6.34849418e-03 -1.28592362e-04]
 [-1.11402696e-02 -5.91511143e-03 -6.99445132e-03 -7.11754106e-03
   7.27365634e-03 -1.28592362e-04  6.57365478e-03]]


Parameter estimates and 95% confidence intervals:
Nref  = 45181.52458644712 (38543.02777449183--52963.40951467038)
N0    = 363393.7326479533 (9291.037331713906--14213160.512987882)
Nbot  = 55404.89589820791 (nan--nan)
T1    = 1518772.1868407286 (1467214.762838059--1572141.3210559133)
T2    = 230965.26086705233 (212042.29524800525--251576.93970909488)
dij   = 6.170899555780671e-08 (4.2657753533654654e-08--8.926865147151048e-08)
misid = 0.030813141 (0.026358043266119485--0.03602124970734452)
