Likelihood ratio statistic = 272.5534
p_val = 0.0

Checking uncertainties with different grid sizes:
0.01 = [4.20194165 0.39246237 0.72885413 0.23367557 1.62876361 0.45245865]
0.001 = [1.86678056 0.08479795 0.12502682 0.13414335 0.18811452 0.08904083]
0.0001 = [0.65354694 0.09034534 0.12871435 0.09647506 0.27477797 0.08639528]
1e-05 = [0.04740722 0.05279007 0.02717781 0.06065766 0.18888822 0.02553347]
1e-06 = [0.00178517 0.01329846 0.0593562  0.03371627 0.1222453  0.02915738]
1e-07 = [3.83137451e-05 1.46694341e-04 1.72510009e-04 1.11920903e-04
 4.43546437e-03 6.69517076e-03]
Parameter standard deviations from GIM:
[1.86678056 0.08479795 0.12502682 0.13414335 0.18811452 0.08904083]

Parameter standard deviations from error propagation:
[1.7902516858767599, 0.024636237653016504, 0.03881841785618194, 0.05899730299696482, 0.18811451834191584, 0.0890408332503673]

Variance-Covariance Matrix:
[[ 3.48486965  0.13707312  0.19236     0.23596217  0.04730568 -0.14389841]
 [ 0.13707312  0.00719069  0.00987312  0.01114152  0.00623689 -0.00725601]
 [ 0.19236     0.00987312  0.01563171  0.01508628  0.0093907  -0.01102655]
 [ 0.23596217  0.01114152  0.01508628  0.01799444  0.00765761 -0.01122101]
 [ 0.04730568  0.00623689  0.0093907   0.00765761  0.03538707 -0.0063409 ]
 [-0.14389841 -0.00725601 -0.01102655 -0.01122101 -0.0063409   0.00792827]]


Parameter estimates and 95% confidence intervals:
Nref  = 257783.35729831568 (216501.93793662536--306936.0945833333)
N0    = 4159465.6740036877 (124492.88889174708--138973035.70695657)
Nbot  = 50367.3363840959 (47993.032857020335--52859.10106965831)
T1    = 1017057.7360913742 (942546.3222814595--1097459.524365341)
T2    = 261741.60992273033 (233159.57294550416--293827.3968315894)
misid = 0.016506372 (0.011416298555718357--0.023865906736111976)

Checking uncertainties with different grid sizes:
0.01 = [2.98987299 3.55785161 3.82147427 3.34077958 3.23968872 0.1297314
 3.568681  ]
0.001 = [0.15906217 0.08098009 0.08962219 0.09304032 0.10199346 0.07328862
 0.08441858]
0.0001 = [0.81451172 0.76431617 0.81211494 0.77800067 0.78066297 0.08581507
 0.76806542]
1e-05 = [0.06128614 0.00618986 0.03151917 0.01711858 0.04301536 0.07214254
 0.0244403 ]
1e-06 = [0.13497144 0.01886401 0.24123152 0.20198046 0.15532309 0.08098548
 0.15218982]
1e-07 = [0.00011858 0.00074706 0.00288403 0.00089789 0.00029576 0.01191479
 0.00779258]
Parameter standard deviations from GIM:
[0.15906217 0.08098009 0.08962219 0.09304032 0.10199346 0.07328862
 0.08441858]

Parameter standard deviations from error propagation:
[1.7900277441337187, nan, 0.02655363532033872, 0.05175816597199002, 0.17271872609695585, 0.07328862219533155, 0.08441857597583666]

Variance-Covariance Matrix:
[[ 2.53007739e-02  7.66435629e-03  1.02681700e-02  1.18868856e-02
  -1.10886620e-02 -4.90559750e-04 -9.96766325e-03]
 [ 7.66435629e-03  6.55777527e-03  6.87734688e-03  7.03941368e-03
  -6.42866858e-03  2.00414624e-04 -6.55272640e-03]
 [ 1.02681700e-02  6.87734688e-03  8.03213759e-03  7.59274193e-03
  -6.76487523e-03  9.75351076e-05 -7.51404198e-03]
 [ 1.18868856e-02  7.03941368e-03  7.59274193e-03  8.65650177e-03
  -7.84487429e-03 -2.12729694e-05 -7.35887836e-03]
 [-1.10886620e-02 -6.42866858e-03 -6.76487523e-03 -7.84487429e-03
   1.04026662e-02 -8.97538581e-04  6.64865528e-03]
 [-4.90559750e-04  2.00414624e-04  9.75351076e-05 -2.12729694e-05
  -8.97538581e-04  5.37122214e-03 -9.34229371e-05]
 [-9.96766325e-03 -6.55272640e-03 -7.51404198e-03 -7.35887836e-03
   6.64865528e-03 -9.34229371e-05  7.12649597e-03]]


Parameter estimates and 95% confidence intervals:
Nref  = 45181.52458644712 (38291.4964326369--53311.31854684605)
N0    = 363393.7326479533 (10881.156490732417--12136118.531176798)
Nbot  = 55404.89589820791 (nan--nan)
T1    = 1518772.1868407286 (1441749.218396074--1599909.974695254)
T2    = 230965.26086705233 (208684.03380178768--255625.45804560027)
dij   = 6.170899555780671e-08 (0.04214676388743992--0.08294811664705118)
misid = 0.030813141 (0.026690175938729258--0.03557300110967664)
